0.000016
0.000058
0.000143
0.000260
0.000361
0.000464
0.000737
0.000890
0.001155
0.001430
0.001652
0.001869
0.002117
0.002495
0.002758
0.003295
0.003575
0.003865
0.004502
0.005027
0.005718
0.006005
0.006721
0.007365
0.007892
0.008588
0.008888
0.010618
0.010839
0.011394
0.012670
0.012602
0.013418
0.015012
0.015699
0.016903
0.017610
0.018422
0.018845
0.020863
0.021499
0.022798
0.023667
0.024397
0.025175
0.027334
0.027927
0.029441
0.030455
0.031593
0.033680
0.034637
0.035626
0.037469
0.039104
0.040503
0.041572
0.043364
0.044479
0.045782
0.047872
0.048257
0.050746
0.051806
0.054967
0.056014
0.057552
0.058969
0.061027
0.063590
0.065514
0.067216
0.069738
0.071117
0.074204
0.074522
0.075523
0.077386
0.078883
0.084512
0.085392
0.086094
0.090511
0.088959
0.092108
0.095783
0.098232
0.100021
0.103810
0.103674
0.108853
0.110100
0.110998
0.114854
0.116275
0.121643
0.121343
0.122413
0.127372
0.131115
