0.000003
0.000005
0.000006
0.000009
0.000013
0.000014
0.000023
0.000027
0.000030
0.000039
0.000039
0.000038
0.000038
0.000045
0.000049
0.000054
0.000057
0.000056
0.000065
0.000067
0.000071
0.000071
0.000075
0.000080
0.000087
0.000089
0.000096
0.000102
0.000102
0.000106
0.000115
0.000110
0.000121
0.000119
0.000122
0.000134
0.000133
0.000134
0.000137
0.000146
0.000143
0.000157
0.000151
0.000153
0.000157
0.000161
0.000174
0.000175
0.000172
0.000179
0.000174
0.000178
0.000191
0.000193
0.000193
0.000192
0.000204
0.000214
0.000202
0.000212
0.000215
0.000224
0.000219
0.000228
0.000228
0.000234
0.000233
0.000234
0.000243
0.000256
0.000250
0.000261
0.000252
0.000274
0.000261
0.000266
0.000264
0.000293
0.000278
0.000280
0.000283
0.000285
0.000292
0.000300
0.000298
0.000301
0.000301
0.000335
0.000308
0.000325
0.000317
0.000327
0.000330
0.000344
0.000339
0.000335
0.000336
0.000348
0.000340
0.000379
